rule  total_L2  untrained_L2  untrained_abs_gt_0.01
  98  0.360921435  0.359375000   6/6
 159  0.330718914  0.323252514   6/6
 151  0.360392581  0.310933574   6/6
 143  0.297074101  0.267071544   5/6
 142  0.307255802  0.259640771   6/6
  14  0.307255802  0.259640771   6/6
 113  0.307255802  0.259640771   6/6
 226  0.336096438  0.240607244   6/6
 117  0.246093750  0.209667764   4/6
  25  0.199017591  0.193063220   6/6
 121  0.265416681  0.186285536   6/6
   6  0.291074606  0.184640054   6/6
 193  0.202089458  0.181388434   6/6
 103  0.191983346  0.171741781   5/6
  81  0.198268644  0.164387699   6/6
 183  0.168286400  0.162379763   6/6
 129  0.187886158  0.153167843   6/6
 126  0.172130049  0.152331229   6/6
  58  0.170448627  0.142350525   5/6
 134  0.264286032  0.138616846   6/6
 110  0.155540381  0.126877983   5/6
 122  0.166680653  0.118514621   5/6
 163  0.141705915  0.118224578   5/6
 166  0.141490393  0.113751717   5/6
  97  0.170482194  0.108411633   5/6
 107  0.134963623  0.104487624   5/6
  65  0.110156943  0.104378041   6/6
 135  0.117690976  0.103552470   5/6
 173  0.125320025  0.097987719   6/6
   7  0.120017902  0.097578094   4/6

by_rule_table_ones
ones  mean_untrained_L2  median  max  nonzero/total  gt0.05  gt0.10
   0  0.000000000  0.000000000  0.000000000   0/1    0   0
   1  0.007307925  0.000000000  0.058463397   1/8    1   0
   2  0.029156054  0.000000000  0.184640054  10/28   9   3
   3  0.045840177  0.000000000  0.359375000  25/56  21   7
   4  0.038334089  0.000000000  0.259640771  28/70  23   7
   5  0.044746925  0.000000000  0.310933574  27/56  19   8
   6  0.034796600  0.000000000  0.323252514   9/28   7   3
   7  0.004784160  0.000000000  0.038273277   1/8    0   0
   8  0.000000000  0.000000000  0.000000000   0/1    0   0
